3.6964691855978615
3.485308665745441
3.6182697958728536
4.120457242477927
4.444825060685086
4.277077444932358
4.930803284351842
4.694779468573323
4.5125055045258655
4.406465149072345
4.302475442976551
4.598046111203631
4.186035425230775
3.6596792684310326
3.8310324054863365
3.991615413791903
3.25211758702592
3.0644106541206613
3.2510309305469858
3.100469696154147
3.077598463243393
3.1983560216642015
3.014853250971119
2.8818325070441184
3.014278773734381
10.3
2.816333999902161
2.8199987433229685
3.054447408516508
3.5868739444407303
3.2626894417461494
3.831111769862032
4.059411968180138
4.349726461163684
4.497943641434436
4.581747821691255
4.868019170811961
5.476597258928762
5.634079690235366
5.2608800212589415
5.413311198415493
4.896848951759069
5.0538843899086014
5.073723309827745
5.419226350775127
4.675073850638263
4.763924178362952
5.114835211064063
4.497158338036829
4.44691539651104
3.8266075551009537
4.426966112913291
4.127233659325274
4.026792584853658
3.8198276037078167
3.8166305824764803
4.0058444818733845
4.386472240128121
4.734628246826466
4.557397252700889
4.932740864961837
5.088207270325384
5.381299326647291
5.692812098208961
6.121852262721797
5.61586202515908
6.533756356150562
6.228542264489322
6.365384775435267
6.896652626935579
6.536319872307257
7.403853478991501
7.184906748600547
7.282707530330459
6.542381274070333
7.057219719602159
6.931183881248089
6.426578000890425
6.302824167424217
6.724122678543229
9.2
6.500048309133353
6.278276567369825
6.055098495588846
6.565565456032481
6.492772505033159
6.058497500641581
5.835432083328408
6.227923575492973
6.4914835024324
7.003971583679686
7.531025659627733
7.153349243645563
7.840074152048812
7.961641275683854
8.35407900836313
8.102442381167975
8.626442057883853
8.724819517791758
9.057629751555432
