3.696469
3.618270
3.618270
4.120457
4.277077
4.444825
4.694779
4.694779
4.512506
4.406465
4.406465
4.302475
4.186035
3.831032
3.831032
3.831032
3.252118
3.251031
3.100470
3.100470
3.100470
3.077598
3.014853
3.014279
3.014279
3.014279
2.819999
2.819999
3.054447
3.262689
3.586874
3.831112
4.059412
4.349726
4.497944
4.581748
4.868019
5.476597
5.476597
5.413311
5.260880
5.053884
5.053884
5.073723
5.073723
4.763924
4.763924
4.763924
4.497158
4.446915
4.426966
4.127234
4.127234
4.026793
3.819828
3.819828
4.005844
4.386472
4.557397
4.734628
4.932741
5.088207
5.381299
5.692812
5.692812
6.121852
6.228542
6.365385
6.365385
6.536320
6.896653
7.184907
7.282708
7.184907
7.057220
6.931184
6.931184
6.426578
6.426578
6.724123
6.724123
6.500048
6.278277
6.278277
6.492773
6.492773
6.058498
6.058498
6.227924
6.491484
7.003972
7.153349
7.531026
7.840074
7.961641
8.102442
8.354079
8.626442
8.724820
9.057630
